,precision,recall,f1-score,support
0,0.3125,0.35714285714285715,0.3333333333333333,28.0
1,0.3333333333333333,0.25925925925925924,0.2916666666666667,27.0
2,0.4,0.4444444444444444,0.4210526315789474,27.0
3,0.4090909090909091,0.36,0.3829787234042554,25.0
4,0.16129032258064516,0.2,0.17857142857142855,25.0
5,0.20833333333333334,0.2631578947368421,0.23255813953488372,19.0
6,0.5555555555555556,0.4166666666666667,0.4761904761904762,12.0
7,0.782608695652174,0.5454545454545454,0.6428571428571429,33.0
8,0.7352941176470589,0.7142857142857143,0.7246376811594202,35.0
9,0.6785714285714286,0.5277777777777778,0.5937499999999999,36.0
10,0.2894736842105263,0.25,0.2682926829268293,44.0
11,0.15384615384615385,0.17142857142857143,0.16216216216216214,35.0
12,0.36538461538461536,0.5,0.42222222222222217,38.0
13,0.3,0.2727272727272727,0.28571428571428564,33.0
14,0.3055555555555556,0.34375,0.3235294117647059,32.0
accuracy,0.38084632516703787,0.38084632516703787,0.38084632516703787,0.38084632516703787
macro avg,0.39938918031741927,0.37507300026159673,0.38263446587245065,449.0
weighted avg,0.40335931836703964,0.38084632516703787,0.3875423471706315,449.0
