,precision,recall,f1-score,support
0,0.2222222222222222,0.07142857142857142,0.10810810810810811,28.0
1,0.25,0.2222222222222222,0.23529411764705882,27.0
2,0.2857142857142857,0.37037037037037035,0.3225806451612903,27.0
3,0.125,0.08,0.09756097560975609,25.0
4,0.4166666666666667,0.6,0.49180327868852464,25.0
5,0.4375,0.3684210526315789,0.39999999999999997,19.0
6,0.625,0.4166666666666667,0.5,12.0
7,0.5806451612903226,0.5454545454545454,0.5625,33.0
8,0.6111111111111112,0.6285714285714286,0.619718309859155,35.0
9,0.4444444444444444,0.5555555555555556,0.49382716049382713,36.0
10,0.2631578947368421,0.22727272727272727,0.24390243902439024,44.0
11,0.2328767123287671,0.4857142857142857,0.3148148148148148,35.0
12,0.3225806451612903,0.2631578947368421,0.2898550724637681,38.0
13,0.45454545454545453,0.15151515151515152,0.22727272727272727,33.0
14,0.325,0.40625,0.36111111111111116,32.0
accuracy,0.36080178173719374,0.36080178173719374,0.36080178173719374,0.36080178173719374
macro avg,0.3730976398814271,0.3595066981426631,0.3512232506836355,449.0
weighted avg,0.36520835329777523,0.36080178173719374,0.3480499883027352,449.0
