,precision,recall,f1-score,support
0,0.3191489361702128,0.5357142857142857,0.4,28.0
1,0.2413793103448276,0.25925925925925924,0.25,27.0
2,0.23684210526315788,0.3333333333333333,0.2769230769230769,27.0
3,0.3055555555555556,0.44,0.36065573770491804,25.0
4,0.3125,0.2,0.24390243902439027,25.0
5,0.28,0.3684210526315789,0.3181818181818182,19.0
6,0.4444444444444444,0.3333333333333333,0.380952380952381,12.0
7,0.7272727272727273,0.7272727272727273,0.7272727272727273,33.0
8,0.8571428571428571,0.6857142857142857,0.7619047619047619,35.0
9,0.6363636363636364,0.7777777777777778,0.7000000000000001,36.0
10,0.3333333333333333,0.36363636363636365,0.34782608695652173,44.0
11,0.1875,0.17142857142857143,0.1791044776119403,35.0
12,0.5454545454545454,0.3157894736842105,0.39999999999999997,38.0
13,0.5454545454545454,0.18181818181818182,0.2727272727272727,33.0
14,0.3870967741935484,0.375,0.38095238095238093,32.0
accuracy,0.4142538975501114,0.4142538975501114,0.4142538975501114,0.4142538975501114
macro avg,0.423965918066226,0.4045665763735939,0.40002687734747927,449.0
weighted avg,0.4392104626584134,0.4142538975501114,0.4119997951262508,449.0
