,precision,recall,f1-score,support
0,0.3125,0.17857142857142858,0.22727272727272727,28.0
1,0.1875,0.3333333333333333,0.24000000000000005,27.0
2,0.23529411764705882,0.4444444444444444,0.30769230769230765,27.0
3,0.08333333333333333,0.04,0.05405405405405406,25.0
4,0.2682926829268293,0.44,0.33333333333333337,25.0
5,0.0,0.0,0.0,19.0
6,0.42857142857142855,0.25,0.3157894736842105,12.0
7,0.8181818181818182,0.5454545454545454,0.6545454545454545,33.0
8,0.78125,0.7142857142857143,0.7462686567164178,35.0
9,0.5952380952380952,0.6944444444444444,0.6410256410256411,36.0
10,0.2608695652173913,0.13636363636363635,0.1791044776119403,44.0
11,0.15254237288135594,0.2571428571428571,0.19148936170212763,35.0
12,0.4,0.42105263157894735,0.41025641025641024,38.0
13,0.4482758620689655,0.3939393939393939,0.41935483870967744,33.0
14,0.3076923076923077,0.25,0.27586206896551724,32.0
accuracy,0.3585746102449889,0.3585746102449889,0.3585746102449889,0.3585746102449889
macro avg,0.3519694389172389,0.3399354953039163,0.33306992037132127,449.0
weighted avg,0.37088590505399915,0.3585746102449889,0.3524734459928306,449.0
