,precision,recall,f1-score,support
0,0.17391304347826086,0.42857142857142855,0.24742268041237112,28.0
1,0.38461538461538464,0.18518518518518517,0.25,27.0
2,0.125,0.07407407407407407,0.09302325581395349,27.0
3,0.18518518518518517,0.2,0.1923076923076923,25.0
4,0.2413793103448276,0.28,0.25925925925925924,25.0
5,0.2857142857142857,0.21052631578947367,0.24242424242424243,19.0
6,0.625,0.4166666666666667,0.5,12.0
7,0.7666666666666667,0.696969696969697,0.7301587301587302,33.0
8,0.6190476190476191,0.7428571428571429,0.6753246753246753,35.0
9,0.4583333333333333,0.6111111111111112,0.5238095238095238,36.0
10,0.35294117647058826,0.2727272727272727,0.30769230769230765,44.0
11,0.25,0.17142857142857143,0.2033898305084746,35.0
12,0.29411764705882354,0.2631578947368421,0.27777777777777773,38.0
13,0.16666666666666666,0.06060606060606061,0.08888888888888888,33.0
14,0.16326530612244897,0.25,0.19753086419753088,32.0
accuracy,0.33184855233853006,0.33184855233853006,0.33184855233853006,0.33184855233853006
macro avg,0.3394563749802727,0.3242587613815685,0.3192673152383618,449.0
weighted avg,0.3382380918359792,0.33184855233853006,0.3232526149041651,449.0
