,precision,recall,f1-score,support
0,0.3877551020408163,0.6785714285714286,0.4935064935064935,28.0
1,0.2727272727272727,0.1111111111111111,0.15789473684210525,27.0
2,0.35555555555555557,0.5925925925925926,0.4444444444444444,27.0
3,0.46153846153846156,0.24,0.3157894736842105,25.0
4,0.3333333333333333,0.36,0.34615384615384615,25.0
5,0.3684210526315789,0.3684210526315789,0.3684210526315789,19.0
6,0.6666666666666666,0.5,0.5714285714285715,12.0
7,0.7333333333333333,0.6666666666666666,0.6984126984126984,33.0
8,0.8275862068965517,0.6857142857142857,0.75,35.0
9,0.7073170731707317,0.8055555555555556,0.7532467532467532,36.0
10,0.41379310344827586,0.2727272727272727,0.32876712328767127,44.0
11,0.2916666666666667,0.2,0.23728813559322035,35.0
12,0.2972972972972973,0.5789473684210527,0.39285714285714285,38.0
13,0.28125,0.2727272727272727,0.2769230769230769,33.0
14,0.35294117647058826,0.1875,0.24489795918367344,32.0
accuracy,0.43875278396436523,0.43875278396436523,0.43875278396436523,0.43875278396436523
macro avg,0.4500788201184753,0.43470230711458774,0.42533543387969913,449.0
weighted avg,0.4490187100167335,0.43875278396436523,0.42667299234264117,449.0
