,precision,recall,f1-score,support
0,0.2727272727272727,0.32142857142857145,0.2950819672131148,28.0
1,0.4,0.2222222222222222,0.2857142857142857,27.0
2,0.35714285714285715,0.37037037037037035,0.36363636363636365,27.0
3,0.3,0.12,0.17142857142857143,25.0
4,0.2647058823529412,0.36,0.30508474576271183,25.0
5,0.2692307692307692,0.3684210526315789,0.3111111111111111,19.0
6,0.5714285714285714,0.3333333333333333,0.4210526315789474,12.0
7,0.9047619047619048,0.5757575757575758,0.7037037037037038,33.0
8,0.8620689655172413,0.7142857142857143,0.7812500000000001,35.0
9,0.6122448979591837,0.8333333333333334,0.7058823529411765,36.0
10,0.29411764705882354,0.22727272727272727,0.25641025641025644,44.0
11,0.25925925925925924,0.2,0.22580645161290322,35.0
12,0.3013698630136986,0.5789473684210527,0.39639639639639634,38.0
13,0.3548387096774194,0.3333333333333333,0.34375,33.0
14,0.375,0.375,0.375,32.0
accuracy,0.40979955456570155,0.40979955456570155,0.40979955456570155,0.40979955456570155
macro avg,0.4265931066753295,0.39558037349265424,0.3960872558339695,449.0
weighted avg,0.43077227404429036,0.40979955456570155,0.40588232809342056,449.0
