,precision,recall,f1-score,support
0,0.8620689655172413,0.746268656716418,0.7999999999999999,67.0
1,0.5694444444444444,0.5189873417721519,0.5430463576158941,79.0
2,0.4657534246575342,0.4722222222222222,0.4689655172413793,72.0
3,0.676923076923077,0.6875,0.6821705426356589,64.0
4,0.6071428571428571,0.6296296296296297,0.6181818181818182,54.0
5,0.5306122448979592,0.52,0.5252525252525252,50.0
6,0.6818181818181818,0.8490566037735849,0.7563025210084033,53.0
accuracy,0.6241457858769932,0.6241457858769932,0.6241457858769932,0.6241457858769932
macro avg,0.6276804564858994,0.6319520648734296,0.6277027545622398,439.0
weighted avg,0.6265483951393201,0.6241457858769932,0.6233566566733643,439.0
