,precision,recall,f1-score,support
0,0.9090909090909091,0.746268656716418,0.819672131147541,67.0
1,0.5151515151515151,0.43037974683544306,0.4689655172413793,79.0
2,0.47368421052631576,0.625,0.5389221556886228,72.0
3,0.6170212765957447,0.453125,0.5225225225225225,64.0
4,0.43902439024390244,0.6666666666666666,0.5294117647058824,54.0
5,0.5306122448979592,0.52,0.5252525252525252,50.0
6,0.8222222222222222,0.6981132075471698,0.7551020408163266,53.0
accuracy,0.5854214123006833,0.5854214123006833,0.5854214123006833,0.5854214123006833
macro avg,0.6152581098183669,0.5913647539665281,0.5942640939106856,439.0
weighted avg,0.6127936049246685,0.5854214123006833,0.5901626765831111,439.0
