,precision,recall,f1-score,support
0,0.9180327868852459,0.835820895522388,0.875,67.0
1,0.5789473684210527,0.4177215189873418,0.4852941176470589,79.0
2,0.46774193548387094,0.4027777777777778,0.4328358208955224,72.0
3,0.449438202247191,0.625,0.5228758169934641,64.0
4,0.4166666666666667,0.5555555555555556,0.4761904761904762,54.0
5,0.5952380952380952,0.5,0.5434782608695652,50.0
6,0.7678571428571429,0.8113207547169812,0.7889908256880735,53.0
accuracy,0.5831435079726651,0.5831435079726651,0.5831435079726651,0.5831435079726651
macro avg,0.5991317425427523,0.5925995003657205,0.5892379026120229,439.0
weighted avg,0.5982798097006079,0.5831435079726651,0.583818175866535,439.0
