,precision,recall,f1-score,support
0,0.9137931034482759,0.7910447761194029,0.848,67.0
1,0.5901639344262295,0.45569620253164556,0.5142857142857143,79.0
2,0.38202247191011235,0.4722222222222222,0.422360248447205,72.0
3,0.5142857142857142,0.5625,0.5373134328358209,64.0
4,0.5409836065573771,0.6111111111111112,0.5739130434782609,54.0
5,0.5957446808510638,0.56,0.577319587628866,50.0
6,0.7358490566037735,0.7358490566037735,0.7358490566037735,53.0
accuracy,0.5899772209567198,0.5899772209567198,0.5899772209567198,0.5899772209567198
macro avg,0.6104060811546494,0.5983461955125937,0.601291583325663,439.0
weighted avg,0.606531529018615,0.5899772209567198,0.5947604846185242,439.0
