,precision,recall,f1-score,support
0,0.9782608695652174,0.6716417910447762,0.7964601769911505,67.0
1,0.5052631578947369,0.6075949367088608,0.5517241379310346,79.0
2,0.4696969696969697,0.4305555555555556,0.44927536231884063,72.0
3,0.6304347826086957,0.453125,0.5272727272727272,64.0
4,0.4666666666666667,0.6481481481481481,0.5426356589147288,54.0
5,0.5,0.6,0.5454545454545454,50.0
6,0.7843137254901961,0.7547169811320755,0.7692307692307692,53.0
accuracy,0.5876993166287016,0.5876993166287016,0.5876993166287016,0.5876993166287016
macro avg,0.619233738846069,0.5951117732270594,0.5974361968733994,439.0
weighted avg,0.6182093464480011,0.5876993166287016,0.5931357699560894,439.0
