,precision,recall,f1-score,support
0,0.8235294117647058,0.6268656716417911,0.7118644067796609,67.0
1,0.5373134328358209,0.45569620253164556,0.4931506849315069,79.0
2,0.4225352112676056,0.4166666666666667,0.41958041958041964,72.0
3,0.4457831325301205,0.578125,0.5034013605442177,64.0
4,0.36666666666666664,0.4074074074074074,0.38596491228070173,54.0
5,0.44680851063829785,0.42,0.43298969072164945,50.0
6,0.6,0.6792452830188679,0.6371681415929203,53.0
accuracy,0.510250569476082,0.510250569476082,0.510250569476082,0.510250569476082
macro avg,0.5203766236718882,0.5120008901809112,0.5120170880615823,439.0
weighted avg,0.5250963849826319,0.510250569476082,0.5133093347428511,439.0
