,precision,recall,f1-score,support
0,0.8095238095238095,0.7611940298507462,0.7846153846153846,67.0
1,0.4666666666666667,0.4430379746835443,0.45454545454545453,79.0
2,0.40476190476190477,0.4722222222222222,0.4358974358974359,72.0
3,0.5454545454545454,0.375,0.4444444444444444,64.0
4,0.43103448275862066,0.46296296296296297,0.44642857142857145,54.0
5,0.4772727272727273,0.42,0.4468085106382979,50.0
6,0.6197183098591549,0.8301886792452831,0.7096774193548387,53.0
accuracy,0.5330296127562643,0.5330296127562643,0.5330296127562643,0.5330296127562643
macro avg,0.5363474923282041,0.5378008384235369,0.5317738887034896,439.0
weighted avg,0.5356293367012461,0.5330296127562643,0.5293117383194663,439.0
