,precision,recall,f1-score,support
0,0.9615384615384616,0.746268656716418,0.8403361344537815,67.0
1,0.5797101449275363,0.5063291139240507,0.5405405405405406,79.0
2,0.42857142857142855,0.4583333333333333,0.44295302013422816,72.0
3,0.5694444444444444,0.640625,0.6029411764705882,64.0
4,0.4925373134328358,0.6111111111111112,0.5454545454545455,54.0
5,0.6222222222222222,0.56,0.5894736842105264,50.0
6,0.7894736842105263,0.8490566037735849,0.8181818181818182,53.0
accuracy,0.6150341685649203,0.6150341685649203,0.6150341685649203,0.6150341685649203
macro avg,0.634785385621065,0.6245319741226425,0.6256972742065755,439.0
weighted avg,0.6311435010787739,0.6150341685649203,0.6190841514432718,439.0
